-345.74503
44.01918
4.55325
8.44836
7.96312
7.92039
7.83296
7.75004
7.66666
7.58333
7.50000
7.41667
7.33333
7.25000
7.16667
7.08333
7.00000
6.91667
6.83333
6.75000
6.66667
6.58333
6.50000
6.41667
6.33333
6.25000
6.16667
6.08333
6.00000
5.91667
5.83333
5.75000
5.66667
5.58333
5.50000
5.41667
5.33333
5.25000
5.16667
5.08333
5.00000
4.91667
4.83333
4.75000
4.66667
4.58333
4.50000
4.41667
4.33333
4.25000
4.16667
4.08333
4.00000
3.91667
3.83333
3.75000
3.66667
3.58333
3.50000
3.41667
3.33333
3.25000
3.16667
3.08333
3.00000
2.91667
2.83333
2.75000
2.66667
2.58333
2.50000
2.41667
2.33333
2.25000
2.16667
2.08333
2.00000
1.91667
1.83333
1.75000
1.66667
1.58333
1.50000
1.41667
1.33333
1.25000
1.16667
1.08333
1.00000
0.91667
0.83333
0.75000
0.66667
0.58333
0.49999
0.41675
0.33247
0.25851
0.08239
0.91761
